-1.000000e+00 2.842171e-14 0.000000e+00 0.000000e+00 2.842171e-14 -1.000000e+00 0.000000e+00 0.000000e+00 0.000000e+00 0.000000e+00 1.000000e+00 0.000000e+00
-9.999991e-01 -9.725018e-05 1.310739e-03 1.277798e-02 9.705451e-05 -9.999999e-01 -1.493512e-04 5.671887e-04 1.310754e-03 -1.492239e-04 9.999992e-01 3.981673e-01
-9.999996e-01 -2.735695e-04 -7.454585e-04 1.628687e-02 2.738134e-04 -9.999999e-01 -3.270388e-04 1.029762e-03 -7.453691e-04 -3.272428e-04 9.999997e-01 9.755951e-01
-9.999880e-01 -4.093960e-04 -4.881278e-03 1.157627e-02 4.118622e-04 -9.999998e-01 -5.042275e-04 1.138779e-03 -4.881070e-03 -5.062319e-04 9.999880e-01 1.637157e+00
-9.999515e-01 -6.172116e-04 -9.825110e-03 3.647823e-03 6.242268e-04 -9.999996e-01 -7.109552e-04 8.913437e-04 -9.824666e-03 -7.170538e-04 9.999515e-01 2.359797e+00
-9.997230e-01 -2.875751e-03 -2.335995e-02 -8.924507e-02 2.936462e-03 -9.999924e-01 -2.565048e-03 -1.538320e-02 -2.335240e-02 -2.632933e-03 9.997238e-01 3.718568e+00
-9.995694e-01 -3.268896e-03 -2.915781e-02 -1.134521e-01 3.349005e-03 -9.999908e-01 -2.699013e-03 -1.738486e-02 -2.914872e-02 -2.795500e-03 9.995711e-01 4.491324e+00
-9.993939e-01 -3.646008e-03 -3.461824e-02 -1.480713e-01 3.741026e-03 -9.999894e-01 -2.680345e-03 -1.966323e-02 -3.460810e-02 -2.808228e-03 9.993970e-01 5.271350e+00
-9.992424e-01 -3.957875e-03 -3.871731e-02 -1.761880e-01 4.058007e-03 -9.999887e-01 -2.507971e-03 -2.239946e-02 -3.870694e-02 -2.663186e-03 9.992471e-01 6.065868e+00
-9.993004e-01 -6.231194e-03 -3.687814e-02 -2.131705e-01 6.094999e-03 -9.999742e-01 3.804400e-03 -2.757506e-02 -3.690089e-02 3.576966e-03 9.993125e-01 6.936073e+00
-9.991886e-01 -6.579805e-03 -3.973502e-02 -2.510219e-01 6.428470e-03 -9.999716e-01 3.935191e-03 -2.549770e-02 -3.975978e-02 3.676562e-03 9.992025e-01 7.746488e+00
-9.990564e-01 -6.810278e-03 -4.289426e-02 -2.845055e-01 6.642101e-03 -9.999697e-01 4.062024e-03 -2.377181e-02 -4.292062e-02 3.773283e-03 9.990714e-01 8.568608e+00
-9.990360e-01 -7.035478e-03 -4.332960e-02 -3.208901e-01 6.859215e-03 -9.999676e-01 4.215286e-03 -2.185821e-02 -4.335786e-02 3.914015e-03 9.990519e-01 9.425927e+00
-9.990388e-01 -4.630089e-03 -4.359012e-02 -3.672815e-01 4.473995e-03 -9.999832e-01 3.677829e-03 -3.594562e-02 -4.360642e-02 3.479271e-03 9.990427e-01 1.033976e+01
-9.990662e-01 -4.849233e-03 -4.293330e-02 -4.040440e-01 4.693681e-03 -9.999820e-01 3.723166e-03 -3.494576e-02 -4.295058e-02 3.518174e-03 9.990710e-01 1.121293e+01
-9.989973e-01 -5.073686e-03 -4.447987e-02 -4.510070e-01 4.915799e-03 -9.999812e-01 3.658274e-03 -3.406172e-02 -4.449760e-02 3.435952e-03 9.990036e-01 1.210108e+01
-9.989363e-01 -5.509625e-03 -4.578022e-02 -4.925722e-01 5.353860e-03 -9.999795e-01 3.524360e-03 -3.344576e-02 -4.579870e-02 3.275511e-03 9.989453e-01 1.299592e+01
-9.986680e-01 -8.697039e-03 -5.085843e-02 -5.563388e-01 8.847338e-03 -9.999571e-01 -2.730868e-03 -5.478413e-02 -5.083250e-02 -3.177192e-03 9.987021e-01 1.381389e+01
-9.986376e-01 -9.119401e-03 -5.137721e-02 -5.988624e-01 9.272861e-03 -9.999532e-01 -2.749348e-03 -6.037458e-02 -5.134973e-02 -3.222016e-03 9.986755e-01 1.471525e+01
-9.986007e-01 -9.531362e-03 -5.201646e-02 -6.475910e-01 9.683999e-03 -9.999496e-01 -2.683129e-03 -6.623974e-02 -5.198826e-02 -3.183102e-03 9.986426e-01 1.564644e+01
-9.985747e-01 -9.909075e-03 -5.244462e-02 -7.066993e-01 1.005899e-02 -9.999460e-01 -2.595271e-03 -7.225443e-02 -5.241607e-02 -3.119112e-03 9.986205e-01 1.655192e+01
-9.984415e-01 -8.396765e-03 -5.517484e-02 -7.746378e-01 8.325730e-03 -9.999642e-01 1.517185e-03 -7.974827e-02 -5.518560e-02 1.055450e-03 9.984756e-01 1.742956e+01
-9.983959e-01 -8.655101e-03 -5.595430e-02 -8.387077e-01 8.581491e-03 -9.999620e-01 1.555682e-03 -8.235966e-02 -5.596564e-02 1.073015e-03 9.984321e-01 1.834457e+01
-9.984134e-01 -8.898962e-03 -5.560013e-02 -8.974026e-01 8.819434e-03 -9.999596e-01 1.675565e-03 -8.503323e-02 -5.561280e-02 1.182545e-03 9.984517e-01 1.925234e+01
-9.984907e-01 -9.167314e-03 -5.415004e-02 -9.511930e-01 9.074327e-03 -9.999569e-01 1.962825e-03 -8.762570e-02 -5.416570e-02 1.468487e-03 9.985309e-01 2.016619e+01
-9.984897e-01 -8.395731e-03 -5.429387e-02 -9.990265e-01 8.092015e-03 -9.999504e-01 5.811329e-03 -9.450886e-02 -5.433997e-02 5.363205e-03 9.985080e-01 2.111025e+01
-9.986230e-01 -8.620416e-03 -5.174677e-02 -1.057359e+00 8.299216e-03 -9.999450e-01 6.418815e-03 -9.375200e-02 -5.179925e-02 5.980519e-03 9.986396e-01 2.202532e+01
-9.987313e-01 -8.830132e-03 -4.957694e-02 -1.110969e+00 8.490295e-03 -9.999390e-01 7.061149e-03 -9.264163e-02 -4.963627e-02 6.631268e-03 9.987454e-01 2.296133e+01
-9.987952e-01 -9.072630e-03 -4.822575e-02 -1.153429e+00 8.718602e-03 -9.999335e-01 7.546352e-03 -9.131809e-02 -4.829101e-02 7.116800e-03 9.988080e-01 2.389571e+01
-9.986638e-01 -7.235483e-03 -5.116801e-02 -1.217208e+00 6.693531e-03 -9.999198e-01 1.075508e-02 -8.209526e-02 -5.124172e-02 1.039821e-02 9.986321e-01 2.490676e+01
-9.987315e-01 -7.472019e-03 -4.979415e-02 -1.264287e+00 6.940286e-03 -9.999171e-01 1.084299e-02 -7.730805e-02 -4.987104e-02 1.048365e-02 9.987006e-01 2.584403e+01
-9.987254e-01 -7.563226e-03 -4.990245e-02 -1.301954e+00 7.022433e-03 -9.999148e-01 1.100347e-02 -7.243860e-02 -4.998142e-02 1.063901e-02 9.986935e-01 2.679059e+01
-9.987733e-01 -7.558831e-03 -4.893400e-02 -1.353060e+00 7.009246e-03 -9.999105e-01 1.139302e-02 -6.739464e-02 -4.901574e-02 1.103606e-02 9.987370e-01 2.773782e+01
-9.987680e-01 -2.653360e-03 -4.955093e-02 -1.398049e+00 2.181082e-03 -9.999517e-01 9.582801e-03 -8.224192e-02 -4.957397e-02 9.462920e-03 9.987257e-01 2.879809e+01
-9.987565e-01 -2.080583e-03 -4.981140e-02 -1.455711e+00 1.578948e-03 -9.999477e-01 1.010793e-02 -7.893672e-02 -4.982982e-02 1.001671e-02 9.987075e-01 2.977515e+01
-9.987383e-01 -1.440978e-03 -5.019558e-02 -1.503740e+00 9.177639e-04 -9.999450e-01 1.044500e-02 -7.521470e-02 -5.020787e-02 1.038575e-02 9.986848e-01 3.075885e+01
-9.987202e-01 -8.373205e-04 -5.056907e-02 -1.549478e+00 3.031566e-04 -9.999442e-01 1.056980e-02 -7.121661e-02 -5.057509e-02 1.054094e-02 9.986647e-01 3.174089e+01
-9.984480e-01 8.625991e-03 -5.502017e-02 -1.611540e+00 -8.923208e-03 -9.999468e-01 5.158593e-03 -8.899280e-02 -5.497275e-02 5.641543e-03 9.984719e-01 3.274772e+01
-9.984127e-01 9.233417e-03 -5.555922e-02 -1.651615e+00 -9.543139e-03 -9.999404e-01 5.311891e-03 -9.003583e-02 -5.550686e-02 5.833669e-03 9.984413e-01 3.373825e+01
-9.983376e-01 9.658883e-03 -5.682206e-02 -1.706120e+00 -9.992238e-03 -9.999345e-01 5.585421e-03 -9.100007e-02 -5.676439e-02 6.143915e-03 9.983687e-01 3.473013e+01
-9.983423e-01 9.992820e-03 -5.668148e-02 -1.764050e+00 -1.034600e-02 -9.999288e-01 5.940894e-03 -9.195945e-02 -5.661809e-02 6.517472e-03 9.983746e-01 3.571885e+01
-9.980807e-01 4.893935e-03 -6.173327e-02 -1.874612e+00 -5.548954e-03 -9.999301e-01 1.044348e-02 -8.080079e-02 -6.167784e-02 1.076599e-02 9.980381e-01 3.676271e+01
-9.979713e-01 5.124675e-03 -6.345911e-02 -1.938936e+00 -5.839135e-03 -9.999216e-01 1.107824e-02 -7.750466e-02 -6.339736e-02 1.142631e-02 9.979230e-01 3.777193e+01
-9.978994e-01 5.092563e-03 -6.458259e-02 -2.019170e+00 -5.866391e-03 -9.999132e-01 1.179801e-02 -7.357359e-02 -6.451691e-02 1.215210e-02 9.978426e-01 3.877275e+01
-9.978355e-01 4.986066e-03 -6.557117e-02 -2.091769e+00 -5.817608e-03 -9.999050e-01 1.249670e-02 -6.959601e-02 -6.550264e-02 1.285112e-02 9.977697e-01 3.975843e+01
-9.980785e-01 -1.126629e-03 -6.195201e-02 -2.156410e+00 -2.825891e-05 -9.998263e-01 1.863762e-02 -5.015778e-02 -6.196225e-02 1.860355e-02 9.979051e-01 4.074513e+01
-9.980713e-01 -1.419567e-03 -6.206146e-02 -2.229467e+00 2.337019e-04 -9.998173e-01 1.911100e-02 -3.986181e-02 -6.207725e-02 1.905964e-02 9.978893e-01 4.174940e+01
-9.981157e-01 -1.698935e-03 -6.133619e-02 -2.299583e+00 4.989314e-04 -9.998083e-01 1.957438e-02 -2.960868e-02 -6.135768e-02 1.950689e-02 9.979252e-01 4.273914e+01
-9.982994e-01 -1.845869e-03 -5.826567e-02 -2.374006e+00 6.765903e-04 -9.997981e-01 2.008141e-02 -1.891587e-02 -5.829097e-02 2.000784e-02 9.980991e-01 4.373343e+01
-9.981681e-01 -2.748203e-04 -6.050020e-02 -2.390696e+00 -7.323509e-04 -9.998615e-01 1.662460e-02 -3.147237e-02 -6.049640e-02 1.663845e-02 9.980297e-01 4.472643e+01
-9.981807e-01 -4.997874e-04 -6.029134e-02 -2.471034e+00 -5.242651e-04 -9.998559e-01 1.696805e-02 -2.404311e-02 -6.029114e-02 1.696879e-02 9.980366e-01 4.572685e+01
-9.982417e-01 -8.168634e-04 -5.926876e-02 -2.538164e+00 -1.958181e-04 -9.998542e-01 1.707844e-02 -1.659341e-02 -5.927407e-02 1.706002e-02 9.980959e-01 4.670881e+01
-9.983007e-01 -1.138547e-03 -5.826155e-02 -2.610993e+00 1.408259e-04 -9.998533e-01 1.712610e-02 -9.068499e-03 -5.827250e-02 1.708880e-02 9.981544e-01 4.769076e+01
-9.979626e-01 -6.112361e-03 -6.350775e-02 -2.695549e+00 5.549593e-03 -9.999438e-01 9.034045e-03 -3.301615e-02 -6.355940e-02 8.663197e-03 9.979405e-01 4.860556e+01
-9.980206e-01 -6.198383e-03 -6.258170e-02 -2.750764e+00 5.619394e-03 -9.999399e-01 9.423511e-03 -3.368779e-02 -6.263633e-02 9.053187e-03 9.979953e-01 4.959066e+01
-9.980676e-01 -6.244481e-03 -6.182195e-02 -2.815864e+00 5.647518e-03 -9.999358e-01 9.826206e-03 -3.412129e-02 -6.187934e-02 9.458077e-03 9.980388e-01 5.056094e+01
-9.980448e-01 -6.134193e-03 -6.220039e-02 -2.861116e+00 5.511248e-03 -9.999330e-01 1.018177e-02 -3.481000e-02 -6.225868e-02 9.819065e-03 9.980118e-01 5.151471e+01
-9.978809e-01 2.521339e-03 -6.501912e-02 -2.928777e+00 -3.559235e-03 -9.998680e-01 1.585204e-02 -2.276378e-02 -6.497058e-02 1.604987e-02 9.977581e-01 5.246545e+01
-9.978960e-01 2.738862e-03 -6.477684e-02 -2.999714e+00 -3.795484e-03 -9.998617e-01 1.619429e-02 -1.790106e-02 -6.472352e-02 1.640608e-02 9.977684e-01 5.343391e+01
-9.978763e-01 3.066930e-03 -6.506369e-02 -3.057077e+00 -4.162895e-03 -9.998516e-01 1.671561e-02 -1.297768e-02 -6.500277e-02 1.695097e-02 9.977411e-01 5.439215e+01
-9.976827e-01 3.412913e-03 -6.795292e-02 -3.113511e+00 -4.612071e-03 -9.998363e-01 1.749783e-02 -7.985766e-03 -6.788208e-02 1.777069e-02 9.975350e-01 5.536447e+01
-9.975426e-01 1.175569e-02 -6.906959e-02 -3.177457e+00 -1.355139e-02 -9.995807e-01 2.558773e-02 2.734541e-04 -6.873982e-02 2.646084e-02 9.972836e-01 5.628818e+01
-9.976423e-01 1.177747e-02 -6.760963e-02 -3.236163e+00 -1.358246e-02 -9.995618e-01 2.629993e-02 1.201678e-02 -6.727026e-02 2.715623e-02 9.973651e-01 5.721775e+01
-9.974218e-01 1.154154e-02 -7.082793e-02 -3.300511e+00 -1.345468e-02 -9.995558e-01 2.659380e-02 2.360904e-02 -7.048953e-02 2.747820e-02 9.971340e-01 5.815017e+01
-9.973076e-01 1.121695e-02 -7.246894e-02 -3.376299e+00 -1.318076e-02 -9.995572e-01 2.667755e-02 3.515335e-02 -7.213760e-02 2.756092e-02 9.970138e-01 5.907934e+01
-9.972961e-01 2.780733e-03 -7.343540e-02 -3.495477e+00 -3.660546e-03 -9.999231e-01 1.184891e-02 1.442483e-02 -7.339681e-02 1.208569e-02 9.972296e-01 5.998909e+01
-9.971756e-01 2.047517e-03 -7.507702e-02 -3.572818e+00 -2.966574e-03 -9.999220e-01 1.213205e-02 1.239383e-02 -7.504632e-02 1.232051e-02 9.971039e-01 6.090911e+01
-9.970796e-01 1.240932e-03 -7.635918e-02 -3.655913e+00 -2.202980e-03 -9.999193e-01 1.251603e-02 9.912512e-03 -7.633748e-02 1.264770e-02 9.970018e-01 6.179274e+01
-9.969354e-01 4.448732e-04 -7.822776e-02 -3.734709e+00 -1.455662e-03 -9.999162e-01 1.286455e-02 7.529046e-03 -7.821548e-02 1.293900e-02 9.968525e-01 6.265460e+01
-9.969942e-01 -6.156092e-03 -7.723016e-02 -3.789900e+00 4.875380e-03 -9.998477e-01 1.676066e-02 3.269288e-02 -7.732157e-02 1.633376e-02 9.968724e-01 6.348697e+01
-9.968997e-01 -7.013404e-03 -7.837047e-02 -3.866981e+00 5.685597e-03 -9.998367e-01 1.715301e-02 3.394184e-02 -7.847797e-02 1.665424e-02 9.967767e-01 6.434623e+01
-9.967214e-01 -7.851765e-03 -8.052804e-02 -3.933823e+00 6.456103e-03 -9.998247e-01 1.757714e-02 3.488612e-02 -8.065192e-02 1.699961e-02 9.965973e-01 6.518690e+01
-9.966607e-01 -8.655788e-03 -8.119396e-02 -4.007445e+00 7.214615e-03 -9.998115e-01 1.802638e-02 3.593493e-02 -8.133469e-02 1.738041e-02 9.965353e-01 6.601115e+01
-9.965968e-01 -9.809230e-03 -8.184511e-02 -4.065458e+00 8.177131e-03 -9.997615e-01 2.025275e-02 3.833900e-02 -8.202426e-02 1.951456e-02 9.964393e-01 6.676108e+01
-9.965718e-01 -1.074370e-02 -8.203122e-02 -4.140897e+00 9.049320e-03 -9.997385e-01 2.099922e-02 4.125787e-02 -8.223538e-02 2.018491e-02 9.964085e-01 6.756209e+01
-9.965158e-01 -1.178686e-02 -8.256709e-02 -4.201924e+00 1.001652e-02 -9.997117e-01 2.182274e-02 4.372181e-02 -8.280050e-02 2.091967e-02 9.963465e-01 6.833718e+01
-9.963829e-01 -1.294349e-02 -8.398504e-02 -4.276053e+00 1.109482e-02 -9.996867e-01 2.244148e-02 4.653097e-02 -8.424918e-02 2.142851e-02 9.962143e-01 6.910232e+01
-9.958256e-01 -1.685563e-02 -8.970580e-02 -4.373995e+00 1.466151e-02 -9.995784e-01 2.506210e-02 7.152299e-02 -9.009041e-02 2.364226e-02 9.956529e-01 6.981870e+01
-9.958520e-01 -1.805310e-02 -8.917861e-02 -4.436203e+00 1.588205e-02 -9.995614e-01 2.499488e-02 7.465028e-02 -8.959074e-02 2.347486e-02 9.957020e-01 7.052740e+01
-9.956989e-01 -1.930452e-02 -9.061456e-02 -4.493499e+00 1.711258e-02 -9.995434e-01 2.490477e-02 7.790133e-02 -9.105396e-02 2.324700e-02 9.955746e-01 7.122962e+01
-9.955701e-01 -2.060957e-02 -9.173609e-02 -4.559378e+00 1.838709e-02 -9.995182e-01 2.500663e-02 8.128604e-02 -9.220727e-02 2.320909e-02 9.954693e-01 7.192641e+01
-9.955055e-01 -2.189036e-02 -9.213956e-02 -4.620359e+00 1.964289e-02 -9.994887e-01 2.522866e-02 8.363568e-02 -9.264471e-02 2.330538e-02 9.954265e-01 7.259394e+01
-9.954942e-01 -2.083060e-02 -9.250620e-02 -4.695908e+00 1.958507e-02 -9.997052e-01 1.435184e-02 6.814930e-02 -9.277789e-02 1.247543e-02 9.956087e-01 7.321423e+01
-9.956824e-01 -2.148138e-02 -9.030501e-02 -4.747220e+00 2.028370e-02 -9.996939e-01 1.415956e-02 6.258669e-02 -9.058155e-02 1.226670e-02 9.958135e-01 7.385674e+01
-9.962057e-01 -2.187977e-02 -8.423400e-02 -4.792340e+00 2.080126e-02 -9.996904e-01 1.366029e-02 5.697432e-02 -8.450679e-02 1.185629e-02 9.963523e-01 7.449372e+01
-9.960166e-01 -4.580275e-03 -8.905043e-02 -4.873688e+00 4.282208e-03 -9.999846e-01 3.537937e-03 5.264477e-02 -8.906527e-02 3.142511e-03 9.960209e-01 7.499348e+01
-9.964030e-01 -5.305534e-03 -8.457471e-02 -4.933939e+00 5.042891e-03 -9.999818e-01 3.318791e-03 4.146644e-02 -8.459079e-02 2.880352e-03 9.964116e-01 7.559004e+01
-9.968312e-01 -5.945434e-03 -7.932351e-02 -4.976146e+00 5.702753e-03 -9.999783e-01 3.285573e-03 3.007045e-02 -7.934133e-02 2.822799e-03 9.968435e-01 7.614339e+01
-9.972807e-01 -6.376040e-03 -7.342040e-02 -5.003191e+00 6.137126e-03 -9.999751e-01 3.479203e-03 1.862030e-02 -7.344075e-02 3.019152e-03 9.972950e-01 7.668792e+01
-9.977328e-01 -7.015978e-03 -6.693386e-02 -5.025799e+00 6.060952e-03 -9.998771e-01 1.446062e-02 5.082830e-02 -6.702708e-02 1.402215e-02 9.976526e-01 7.716644e+01
-9.983602e-01 -7.359695e-03 -5.677008e-02 -5.058537e+00 6.528584e-03 -9.998690e-01 1.481155e-02 4.495476e-02 -5.687165e-02 1.441664e-02 9.982774e-01 7.768098e+01
-9.989533e-01 -7.964282e-03 -4.504317e-02 -5.082337e+00 7.289938e-03 -9.998592e-01 1.511559e-02 3.943070e-02 -4.515721e-02 1.477140e-02 9.988707e-01 7.818781e+01
-9.994900e-01 -8.816590e-03 -3.069411e-02 -5.104970e+00 8.345921e-03 -9.998462e-01 1.542867e-02 3.418664e-02 -3.082542e-02 1.516463e-02 9.994097e-01 7.867776e+01
-9.998469e-01 -1.610317e-02 -6.859048e-03 -5.118566e+00 1.597438e-02 -9.997025e-01 1.843556e-02 5.561342e-02 -7.153878e-03 1.832316e-02 9.998065e-01 7.916233e+01
-9.997927e-01 -1.662620e-02 1.175377e-02 -5.124525e+00 1.684390e-02 -9.996837e-01 1.867249e-02 5.219126e-02 1.143960e-02 1.886660e-02 9.997566e-01 7.964059e+01
-9.992176e-01 -1.705513e-02 3.568256e-02 -5.109370e+00 1.773698e-02 -9.996644e-01 1.888009e-02 4.861133e-02 3.534859e-02 1.949822e-02 9.991848e-01 8.010294e+01
-9.980032e-01 -1.744448e-02 6.070697e-02 -5.085562e+00 1.863699e-02 -9.996432e-01 1.913314e-02 4.538815e-02 6.035155e-02 2.022634e-02 9.979722e-01 8.056506e+01
-9.960789e-01 -1.781305e-02 8.665805e-02 -5.049961e+00 1.956154e-02 -9.996210e-01 1.936967e-02 4.249028e-02 8.628017e-02 2.098888e-02 9.960498e-01 8.102447e+01
-9.895864e-01 -1.016924e-02 1.435804e-01 -4.879709e+00 1.380159e-02 -9.996088e-01 2.432501e-02 6.386249e-02 1.432769e-01 2.605334e-02 9.893396e-01 8.143884e+01
-9.841092e-01 -1.048185e-02 1.772546e-01 -4.803635e+00 1.507355e-02 -9.995843e-01 2.457775e-02 6.394479e-02 1.769233e-01 2.685904e-02 9.838581e-01 8.189462e+01
-9.768382e-01 -1.086810e-02 2.137032e-01 -4.716998e+00 1.651685e-02 -9.995593e-01 2.466496e-02 6.432695e-02 2.133410e-01 2.762338e-02 9.765872e-01 8.234882e+01
-9.530716e-01 -1.155445e-02 3.025242e-01 -4.490551e+00 1.922180e-02 -9.995648e-01 2.237946e-02 8.193930e-02 3.021339e-01 2.714429e-02 9.528789e-01 8.266022e+01
-9.377272e-01 -1.188254e-02 3.471693e-01 -4.350623e+00 2.078564e-02 -9.995434e-01 2.193208e-02 8.134908e-02 3.467501e-01 2.778244e-02 9.375460e-01 8.309334e+01
-9.200585e-01 -1.220341e-02 3.915909e-01 -4.190001e+00 2.233969e-02 -9.995227e-01 2.133921e-02 8.084427e-02 3.911436e-01 2.838134e-02 9.198920e-01 8.351903e+01
-8.956549e-01 -1.250322e-02 4.445740e-01 -3.995578e+00 2.405922e-02 -9.995031e-01 2.036051e-02 7.862530e-02 4.440986e-01 2.893210e-02 8.955107e-01 8.387461e+01
-8.669509e-01 -1.266032e-02 4.982328e-01 -3.787684e+00 2.561923e-02 -9.994878e-01 1.918136e-02 7.605920e-02 4.977347e-01 2.939364e-02 8.668311e-01 8.421700e+01
-8.094234e-01 -1.321550e-02 5.870767e-01 -3.427221e+00 2.498423e-02 -9.996164e-01 1.194460e-02 8.735844e-02 5.866936e-01 2.433590e-02 8.094432e-01 8.429783e+01
-7.701514e-01 -1.314686e-02 6.377255e-01 -3.164627e+00 2.594033e-02 -9.996060e-01 1.071982e-02 8.114923e-02 6.373334e-01 2.479870e-02 7.701890e-01 8.457748e+01
-7.267975e-01 -1.301516e-02 6.867285e-01 -2.898117e+00 2.689861e-02 -9.995928e-01 9.523374e-03 7.513708e-02 6.863250e-01 2.539360e-02 7.268516e-01 8.484464e+01
-6.770899e-01 -7.684045e-03 7.358602e-01 -2.558530e+00 2.436185e-02 -9.996315e-01 1.197775e-02 8.645444e-02 7.354970e-01 2.603692e-02 6.770275e-01 8.506425e+01
-6.285819e-01 -7.320336e-03 7.777089e-01 -2.250910e+00 2.520155e-02 -9.996223e-01 1.095997e-02 8.104966e-02 7.773349e-01 2.648871e-02 6.285290e-01 8.528300e+01
-5.788542e-01 -6.769018e-03 8.154029e-01 -1.934173e+00 2.568518e-02 -9.996207e-01 9.935610e-03 7.495905e-02 8.150264e-01 2.669504e-02 5.788086e-01 8.547660e+01
-5.275798e-01 -6.310198e-03 8.494821e-01 -1.607815e+00 2.619074e-02 -9.996179e-01 8.840581e-03 6.913236e-02 8.491017e-01 2.691267e-02 5.275434e-01 8.566525e+01
-4.873825e-01 -2.855703e-03 8.731839e-01 -1.257979e+00 1.998302e-02 -9.997693e-01 7.884174e-03 7.836059e-02 8.729599e-01 2.129146e-02 4.873271e-01 8.579278e+01
-4.402054e-01 -2.619346e-03 8.978933e-01 -9.166799e-01 2.058821e-02 -9.997622e-01 7.177152e-03 7.269283e-02 8.976611e-01 2.164544e-02 4.401547e-01 8.595140e+01
-3.940715e-01 -2.262757e-03 9.190769e-01 -5.550184e-01 2.081420e-02 -9.997625e-01 6.463074e-03 6.726304e-02 9.188440e-01 2.167676e-02 3.940250e-01 8.609373e+01
-3.492362e-01 -1.466362e-03 9.370335e-01 -1.874029e-01 2.029162e-02 -9.997761e-01 5.998220e-03 6.100081e-02 9.368150e-01 2.110872e-02 3.491878e-01 8.620183e+01
-3.182517e-01 4.086208e-03 9.479975e-01 1.472916e-01 5.116948e-03 -9.999688e-01 6.028031e-03 6.390060e-02 9.479924e-01 6.769285e-03 3.182209e-01 8.625908e+01
-2.811736e-01 4.800580e-03 9.596449e-01 5.091797e-01 4.496641e-03 -9.999700e-01 6.319809e-03 5.855073e-02 9.596464e-01 6.092141e-03 2.811435e-01 8.635092e+01
-2.441272e-01 5.063024e-03 9.697300e-01 8.816798e-01 4.464701e-03 -9.999699e-01 6.344886e-03 5.371055e-02 9.697329e-01 5.878514e-03 2.440972e-01 8.645650e+01
-2.096743e-01 5.100808e-03 9.777579e-01 1.246307e+00 4.696865e-03 -9.999696e-01 6.223897e-03 4.875057e-02 9.777600e-01 5.897389e-03 2.096440e-01 8.653925e+01
-1.792755e-01 5.063532e-03 9.837859e-01 1.626167e+00 4.836486e-03 -9.999701e-01 6.028186e-03 4.370570e-02 9.837870e-01 5.838774e-03 1.792457e-01 8.660284e+01
-1.751049e-01 -8.214180e-03 9.845155e-01 2.022035e+00 1.984485e-02 -9.997914e-01 -4.812049e-03 5.323744e-02 9.843497e-01 1.869495e-02 1.752314e-01 8.669921e+01
-1.514426e-01 -8.541512e-03 9.884291e-01 2.413737e+00 1.901489e-02 -9.998028e-01 -5.726424e-03 4.465251e-02 9.882832e-01 1.792764e-02 1.515751e-01 8.675847e+01
-1.296656e-01 -1.012903e-02 9.915060e-01 2.831254e+00 1.846837e-02 -9.997990e-01 -7.798528e-03 3.895918e-02 9.913858e-01 1.730030e-02 1.298266e-01 8.679773e+01
-1.217184e-01 -2.457525e-02 9.922603e-01 3.308777e+00 4.670161e-03 -9.996966e-01 -2.418655e-02 4.516517e-02 9.925537e-01 1.690069e-03 1.217962e-01 8.682671e+01
-1.047233e-01 -2.584563e-02 9.941655e-01 3.752623e+00 4.018903e-03 -9.996650e-01 -2.556526e-02 3.182735e-02 9.944932e-01 1.318175e-03 1.047921e-01 8.687442e+01
-8.985598e-02 -2.687030e-02 9.955922e-01 4.219505e+00 3.386223e-03 -9.996384e-01 -2.667389e-02 1.699500e-02 9.959490e-01 9.744897e-04 8.991448e-02 8.691324e+01
-7.693910e-02 -2.771594e-02 9.966505e-01 4.690877e+00 2.733450e-03 -9.996156e-01 -2.758738e-02 1.534927e-03 9.970320e-01 6.017463e-04 7.698528e-02 8.695779e+01
-6.936959e-02 -1.443953e-02 9.974865e-01 5.228639e+00 5.447318e-03 -9.998858e-01 -1.409543e-02 1.271021e-03 9.975762e-01 4.455832e-03 6.944033e-02 8.699310e+01
-5.868455e-02 -1.516242e-02 9.981615e-01 5.714068e+00 4.742594e-03 -9.998776e-01 -1.490966e-02 -8.691954e-03 9.982653e-01 3.858907e-03 5.874928e-02 8.701632e+01
-4.970434e-02 -1.587871e-02 9.986377e-01 6.242231e+00 3.998511e-03 -9.998688e-01 -1.569927e-02 -1.963009e-02 9.987560e-01 3.212743e-03 4.976131e-02 8.703811e+01
-4.366802e-02 -1.657760e-02 9.989085e-01 6.775734e+00 3.240794e-03 -9.998595e-01 -1.645171e-02 -3.097595e-02 9.990408e-01 2.518843e-03 4.371560e-02 8.704323e+01
-3.843786e-02 -1.401529e-02 9.991627e-01 7.351822e+00 -5.595224e-03 -9.998830e-01 -1.424064e-02 -3.653816e-02 9.992453e-01 -6.137919e-03 3.835494e-02 8.707003e+01
-3.296477e-02 -1.471653e-02 9.993482e-01 7.942754e+00 -6.293717e-03 -9.998687e-01 -1.493180e-02 -4.774265e-02 9.994367e-01 -6.781838e-03 3.286782e-02 8.708421e+01
-2.807311e-02 -1.537959e-02 9.994875e-01 8.548185e+00 -7.059657e-03 -9.998536e-01 -1.558352e-02 -5.961094e-02 9.995809e-01 -7.493516e-03 2.796043e-02 8.709850e+01
-2.356927e-02 -1.599631e-02 9.995943e-01 9.164588e+00 -7.858486e-03 -9.998381e-01 -1.618550e-02 -7.219981e-02 9.996913e-01 -8.236778e-03 2.343974e-02 8.711231e+01
-2.217880e-02 -1.533392e-02 9.996364e-01 9.828773e+00 -1.069846e-02 -9.998215e-01 -1.557413e-02 -7.788924e-02 9.996968e-01 -1.103998e-02 2.201079e-02 8.715195e+01
-1.808608e-02 -1.584733e-02 9.997109e-01 1.046915e+01 -1.163724e-02 -9.998033e-01 -1.605932e-02 -9.085603e-02 9.997687e-01 -1.192432e-02 1.789810e-02 8.716726e+01
-1.755048e-02 -1.630541e-02 9.997130e-01 1.112921e+01 -1.268759e-02 -9.997829e-01 -1.652928e-02 -1.046299e-01 9.997655e-01 -1.297405e-02 1.733979e-02 8.718053e+01
-1.857761e-02 -1.669821e-02 9.996879e-01 1.181561e+01 -1.379729e-02 -9.997610e-01 -1.695583e-02 -1.194883e-01 9.997322e-01 -1.410798e-02 1.834278e-02 8.720705e+01
-2.146233e-02 -1.326372e-02 9.996817e-01 1.257126e+01 -2.044281e-02 -9.996971e-01 -1.370281e-02 -1.206249e-01 9.995606e-01 -2.073039e-02 2.118468e-02 8.722541e+01
-2.341252e-02 -1.360156e-02 9.996334e-01 1.328007e+01 -2.161603e-02 -9.996668e-01 -1.410829e-02 -1.337906e-01 9.994922e-01 -2.193842e-02 2.311070e-02 8.725381e+01
-2.615318e-02 -1.390219e-02 9.995613e-01 1.400226e+01 -2.278533e-02 -9.996353e-01 -1.449939e-02 -1.471543e-01 9.993982e-01 -2.315455e-02 2.582688e-02 8.727763e+01
-2.867353e-02 -1.409922e-02 9.994894e-01 1.473558e+01 -2.396809e-02 -9.996034e-01 -1.478842e-02 -1.606087e-01 9.993014e-01 -2.437989e-02 2.832423e-02 8.729036e+01
-3.846689e-02 -1.071105e-02 9.992025e-01 1.556453e+01 -2.622026e-02 -9.995875e-01 -1.172460e-02 -1.643377e-01 9.989158e-01 -2.665036e-02 3.817018e-02 8.730473e+01
-4.142495e-02 -1.068427e-02 9.990845e-01 1.633407e+01 -2.709739e-02 -9.995630e-01 -1.181292e-02 -1.771998e-01 9.987741e-01 -2.756194e-02 4.111733e-02 8.735880e+01
-4.463254e-02 -1.057569e-02 9.989475e-01 1.712034e+01 -2.785994e-02 -9.995419e-01 -1.182676e-02 -1.898637e-01 9.986149e-01 -2.835847e-02 4.431745e-02 8.739561e+01
-4.793486e-02 -1.050153e-02 9.987953e-01 1.791323e+01 -2.844095e-02 -9.995250e-01 -1.187416e-02 -2.028045e-01 9.984455e-01 -2.897587e-02 4.761341e-02 8.743336e+01
-5.514041e-02 -6.358096e-03 9.984584e-01 1.878795e+01 -1.970247e-02 -9.997781e-01 -7.454580e-03 -2.017936e-01 9.982842e-01 -2.008315e-02 5.500290e-02 8.748473e+01
-5.766345e-02 -6.688964e-03 9.983136e-01 1.959555e+01 -1.987403e-02 -9.997717e-01 -7.846674e-03 -2.119051e-01 9.981382e-01 -2.029298e-02 5.751735e-02 8.753625e+01
-6.046094e-02 -7.122846e-03 9.981452e-01 2.040614e+01 -1.985253e-02 -9.997681e-01 -8.336960e-03 -2.225064e-01 9.979731e-01 -2.031976e-02 6.030552e-02 8.758051e+01
-6.294733e-02 -7.514094e-03 9.979886e-01 2.121244e+01 -1.970621e-02 -9.997674e-01 -8.770441e-03 -2.334792e-01 9.978223e-01 -2.021865e-02 6.278461e-02 8.762875e+01
-5.694860e-02 -1.838986e-02 9.982077e-01 2.206512e+01 -5.390816e-03 -9.998101e-01 -1.872693e-02 -2.740988e-01 9.983625e-01 -6.447627e-03 5.683865e-02 8.772068e+01
-5.356498e-02 -1.853925e-02 9.983923e-01 2.289682e+01 -5.234968e-03 -9.998087e-01 -1.884642e-02 -2.947363e-01 9.985506e-01 -6.236060e-03 5.345768e-02 8.776865e+01
-5.092893e-02 -1.865079e-02 9.985281e-01 2.373348e+01 -4.966913e-03 -9.998085e-01 -1.892804e-02 -3.158743e-01 9.986899e-01 -5.923587e-03 5.082654e-02 8.782343e+01
-4.957322e-02 -1.875061e-02 9.985945e-01 2.457318e+01 -4.609844e-03 -9.998088e-01 -1.900226e-02 -3.375109e-01 9.987599e-01 -5.545367e-03 4.947730e-02 8.788235e+01
-5.575357e-02 -1.439379e-02 9.983408e-01 2.536576e+01 -3.078171e-04 -9.998958e-01 -1.443340e-02 -3.641148e-01 9.984445e-01 -1.112020e-03 5.574333e-02 8.792326e+01
-5.602624e-02 -1.453403e-02 9.983234e-01 2.619136e+01 3.349965e-04 -9.998943e-01 -1.453810e-02 -3.821905e-01 9.984292e-01 -4.800801e-04 5.602518e-02 8.799033e+01
-5.317717e-02 -1.463386e-02 9.984779e-01 2.701661e+01 1.070318e-03 -9.998929e-01 -1.459759e-02 -4.005753e-01 9.985845e-01 2.924304e-04 5.318714e-02 8.804096e+01
-4.731877e-02 -1.465931e-02 9.987723e-01 2.783909e+01 1.869131e-03 -9.998919e-01 -1.458718e-02 -4.191045e-01 9.988781e-01 1.176588e-03 4.734105e-02 8.809584e+01
-4.327490e-02 -1.380211e-02 9.989678e-01 2.861833e+01 1.062579e-02 -9.998544e-01 -1.335405e-02 -4.440186e-01 9.990066e-01 1.003693e-02 4.341526e-02 8.812850e+01
-3.600948e-02 -1.353898e-02 9.992598e-01 2.942601e+01 1.152431e-02 -9.998474e-01 -1.313165e-02 -4.618005e-01 9.992850e-01 1.104292e-02 3.616001e-02 8.817851e+01
-2.877457e-02 -1.326153e-02 9.994980e-01 3.022161e+01 1.244442e-02 -9.998392e-01 -1.290780e-02 -4.798018e-01 9.995084e-01 1.206676e-02 2.893498e-02 8.821631e+01
-2.211468e-02 -1.302203e-02 9.996706e-01 3.102394e+01 1.332664e-02 -9.998302e-01 -1.272929e-02 -4.979131e-01 9.996666e-01 1.304074e-02 2.228446e-02 8.823664e+01
-1.658988e-02 -9.933923e-03 9.998130e-01 3.184525e+01 1.654351e-02 -9.998165e-01 -9.659451e-03 -5.148530e-01 9.997255e-01 1.638016e-02 1.675118e-02 8.823878e+01
-8.421469e-03 -9.661240e-03 9.999179e-01 3.261977e+01 1.730367e-02 -9.998050e-01 -9.514415e-03 -5.303150e-01 9.998148e-01 1.722213e-02 8.587001e-03 8.825146e+01
-3.703580e-04 -9.323430e-03 9.999564e-01 3.340386e+01 1.806263e-02 -9.997934e-01 -9.315222e-03 -5.458227e-01 9.998368e-01 1.805839e-02 5.386874e-04 8.826057e+01
9.055167e-03 -8.941749e-03 9.999190e-01 3.418484e+01 1.874117e-02 -9.997829e-01 -9.110248e-03 -5.614083e-01 9.997833e-01 1.882215e-02 -8.885621e-03 8.826164e+01
3.050228e-02 -6.750342e-03 9.995119e-01 3.502723e+01 1.555288e-02 -9.998529e-01 -7.227275e-03 -5.831500e-01 9.994137e-01 1.576574e-02 -3.039281e-02 8.819434e+01
4.123661e-02 -6.417027e-03 9.991288e-01 3.581117e+01 1.617140e-02 -9.998441e-01 -7.089057e-03 -5.975389e-01 9.990185e-01 1.644964e-02 -4.112642e-02 8.816249e+01
5.145140e-02 -6.126099e-03 9.986566e-01 3.658029e+01 1.678969e-02 -9.998345e-01 -6.998340e-03 -6.118293e-01 9.985344e-01 1.712721e-02 -5.134003e-02 8.813122e+01
6.119579e-02 -5.889053e-03 9.981084e-01 3.736711e+01 1.738325e-02 -9.998246e-01 -6.964978e-03 -6.264268e-01 9.979744e-01 1.777660e-02 -6.108269e-02 8.808415e+01
7.359733e-02 -8.886983e-03 9.972484e-01 3.814671e+01 1.556693e-02 -9.998283e-01 -1.005882e-02 -6.577115e-01 9.971666e-01 1.626439e-02 -7.344635e-02 8.803014e+01
8.410262e-02 -8.709702e-03 9.964190e-01 3.890134e+01 1.596908e-02 -9.998216e-01 -1.008731e-02 -6.746248e-01 9.963291e-01 1.676026e-02 -8.394853e-02 8.796686e+01
9.461442e-02 -8.533522e-03 9.954774e-01 3.965532e+01 1.637313e-02 -9.998147e-01 -1.012687e-02 -6.915953e-01 9.953793e-01 1.725722e-02 -9.445717e-02 8.790135e+01
1.059176e-01 -8.323931e-03 9.943401e-01 4.040483e+01 1.670782e-02 -9.998090e-01 -1.014944e-02 -7.088838e-01 9.942346e-01 1.768826e-02 -1.057583e-01 8.781458e+01
1.091647e-01 -9.303175e-03 9.939801e-01 4.111993e+01 1.354333e-02 -9.998494e-01 -1.084552e-02 -7.269887e-01 9.939314e-01 1.464575e-02 -1.090222e-01 8.775426e+01
1.167772e-01 -8.961387e-03 9.931177e-01 4.185624e+01 1.368718e-02 -9.998498e-01 -1.063156e-02 -7.448756e-01 9.930638e-01 1.483450e-02 -1.166370e-01 8.766938e+01
1.236395e-01 -8.534388e-03 9.922905e-01 4.257241e+01 1.368430e-02 -9.998533e-01 -1.030450e-02 -7.628796e-01 9.922329e-01 1.485284e-02 -1.235045e-01 8.756824e+01
1.310641e-01 -8.056209e-03 9.913412e-01 4.328358e+01 1.362682e-02 -9.998579e-01 -9.927008e-03 -7.806267e-01 9.912802e-01 1.480991e-02 -1.309357e-01 8.746932e+01
1.377761e-01 -7.563329e-03 9.904345e-01 4.400780e+01 1.356627e-02 -9.998627e-01 -9.522486e-03 -7.981116e-01 9.903705e-01 1.474848e-02 -1.376546e-01 8.738679e+01
1.312961e-01 -3.058854e-03 9.913384e-01 4.464925e+01 5.020730e-03 -9.999804e-01 -3.750481e-03 -8.061103e-01 9.913305e-01 5.469666e-03 -1.312781e-01 8.735036e+01
1.332118e-01 -2.691007e-03 9.910839e-01 4.531896e+01 4.942244e-03 -9.999821e-01 -3.379455e-03 -8.193995e-01 9.910753e-01 5.348362e-03 -1.331961e-01 8.727175e+01
1.348664e-01 -2.397249e-03 9.908609e-01 4.598780e+01 4.855745e-03 -9.999835e-01 -3.080237e-03 -8.325939e-01 9.908519e-01 5.226788e-03 -1.348525e-01 8.719238e+01
1.174559e-01 -5.524763e-03 9.930627e-01 4.653167e+01 7.634453e-04 -9.999837e-01 -5.653564e-03 -8.476268e-01 9.930778e-01 1.422194e-03 -1.174498e-01 8.710576e+01
1.154475e-01 -5.332792e-03 9.932993e-01 4.717622e+01 7.030756e-04 -9.999849e-01 -5.450402e-03 -8.621222e-01 9.933134e-01 1.327600e-03 -1.154420e-01 8.704290e+01
1.077680e-01 -5.166196e-03 9.941626e-01 4.778156e+01 7.375621e-04 -9.999858e-01 -5.276409e-03 -8.762803e-01 9.941758e-01 1.301885e-03 -1.077627e-01 8.699013e+01
9.890202e-02 -4.967923e-03 9.950848e-01 4.835609e+01 7.376833e-04 -9.999869e-01 -5.065715e-03 -8.906286e-01 9.950969e-01 1.235067e-03 -9.889706e-02 8.695416e+01
8.623718e-02 -4.861468e-03 9.962628e-01 4.889835e+01 7.954112e-04 -9.999874e-01 -4.948494e-03 -9.046629e-01 9.962743e-01 1.219183e-03 -8.623224e-02 8.691154e+01
5.111831e-02 -7.529504e-03 9.986642e-01 4.934836e+01 2.640304e-03 -9.999671e-01 -7.674475e-03 -9.133865e-01 9.986891e-01 3.029083e-03 -5.109674e-02 8.693317e+01
3.310058e-02 -7.714773e-03 9.994223e-01 4.986694e+01 2.910641e-03 -9.999653e-01 -7.815364e-03 -9.285790e-01 9.994478e-01 3.167652e-03 -3.307698e-02 8.693877e+01
1.251891e-02 -7.997527e-03 9.998896e-01 5.039502e+01 3.287788e-03 -9.999623e-01 -8.039271e-03 -9.437301e-01 9.999162e-01 3.388069e-03 -1.249214e-02 8.695448e+01
-1.045699e-02 -8.257732e-03 9.999112e-01 5.091670e+01 3.704870e-03 -9.999594e-01 -8.219384e-03 -9.586793e-01 9.999384e-01 3.618591e-03 1.048716e-02 8.697673e+01
-6.057500e-02 -1.685861e-02 9.980212e-01 5.144229e+01 9.106109e-03 -9.998251e-01 -1.633638e-02 -9.704963e-01 9.981222e-01 8.098515e-03 6.071792e-02 8.702825e+01
-8.924118e-02 -1.680829e-02 9.958682e-01 5.196597e+01 9.823036e-03 -9.998238e-01 -1.599480e-02 -9.893144e-01 9.959616e-01 8.355055e-03 8.939056e-02 8.708670e+01
-1.207909e-01 -1.655664e-02 9.925399e-01 5.248425e+01 1.061425e-02 -9.998253e-01 -1.538643e-02 -1.007775e+00 9.926212e-01 8.676523e-03 1.209455e-01 8.715215e+01
-1.602850e-01 -1.616087e-02 9.869384e-01 5.298923e+01 1.163408e-02 -9.998274e-01 -1.448247e-02 -1.025549e+00 9.870022e-01 9.160803e-03 1.604453e-01 8.723938e+01
-2.481605e-01 -6.271572e-03 9.686986e-01 5.343757e+01 1.306706e-02 -9.999098e-01 -3.126132e-03 -1.002064e+00 9.686308e-01 1.188226e-02 2.482200e-01 8.750178e+01
-2.986274e-01 -5.923836e-03 9.543514e-01 5.391240e+01 1.369935e-02 -9.999043e-01 -1.919908e-03 -1.012714e+00 9.542714e-01 1.250066e-02 2.986799e-01 8.768022e+01
-3.511295e-01 -5.653442e-03 9.363098e-01 5.435819e+01 1.409682e-02 -9.999003e-01 -7.508940e-04 -1.023105e+00 9.362208e-01 1.293533e-02 3.511742e-01 8.786402e+01
-4.066126e-01 -5.606497e-03 9.135835e-01 5.477816e+01 1.429449e-02 -9.998978e-01 2.259177e-04 -1.032755e+00 9.134889e-01 1.315107e-02 4.066512e-01 8.807290e+01
-4.866661e-01 -3.806178e-03 8.735799e-01 5.515051e+01 1.457941e-02 -9.998866e-01 3.765607e-03 -1.022063e+00 8.734664e-01 1.456887e-02 4.866664e-01 8.838278e+01
-5.419933e-01 -4.166127e-03 8.403724e-01 5.554182e+01 1.439788e-02 -9.998870e-01 4.328909e-03 -1.029000e+00 8.402595e-01 1.444582e-02 5.419921e-01 8.865804e+01
-5.963548e-01 -4.649764e-03 8.027075e-01 5.592479e+01 1.426005e-02 -9.998868e-01 4.802261e-03 -1.035207e+00 8.025943e-01 1.431050e-02 5.963535e-01 8.895948e+01
-6.493374e-01 -5.165547e-03 7.604828e-01 5.625940e+01 1.403469e-02 -9.998881e-01 5.191805e-03 -1.040741e+00 7.603709e-01 1.404437e-02 6.493372e-01 8.927724e+01
-7.121179e-01 -1.925168e-02 7.017959e-01 5.649801e+01 1.637453e-02 -9.998075e-01 -1.081138e-02 -1.047589e+00 7.018690e-01 3.792602e-03 7.122959e-01 8.966505e+01
-7.583601e-01 -1.939179e-02 6.515472e-01 5.677864e+01 1.703657e-02 -9.998056e-01 -9.927392e-03 -1.059712e+00 6.516131e-01 3.571591e-03 7.585431e-01 9.002722e+01
-8.002392e-01 -1.927344e-02 5.993711e-01 5.704515e+01 1.754822e-02 -9.998080e-01 -8.720751e-03 -1.071140e+00 5.994240e-01 3.539206e-03 8.004237e-01 9.041775e+01
-8.401036e-01 -9.553315e-03 5.423418e-01 5.728203e+01 1.235950e-02 -9.999225e-01 1.531674e-03 -1.055343e+00 5.422850e-01 7.989841e-03 8.401566e-01 9.083010e+01
-8.731989e-01 -9.201476e-03 4.872772e-01 5.749838e+01 1.217311e-02 -9.999216e-01 2.932194e-03 -1.061457e+00 4.872120e-01 8.492068e-03 8.732424e-01 9.125426e+01
-9.025578e-01 -8.873018e-03 4.304772e-01 5.768307e+01 1.199423e-02 -9.999177e-01 4.537284e-03 -1.066974e+00 4.304015e-01 9.258403e-03 9.025901e-01 9.170067e+01
-9.253593e-01 -8.732202e-03 3.789905e-01 5.785962e+01 1.195511e-02 -9.999096e-01 6.151496e-03 -1.072263e+00 3.789026e-01 1.022322e-02 9.253801e-01 9.214730e+01
-9.385694e-01 -5.917720e-03 3.450398e-01 5.798169e+01 1.493222e-02 -9.996129e-01 2.347409e-02 -1.054301e+00 3.447673e-01 2.718428e-02 9.382944e-01 9.258245e+01
-9.542642e-01 -6.409562e-03 2.988960e-01 5.813221e+01 1.454542e-02 -9.995816e-01 2.500299e-02 -1.050481e+00 2.986106e-01 2.820703e-02 9.539581e-01 9.303788e+01
-9.665134e-01 -7.040563e-03 2.565196e-01 5.825684e+01 1.425952e-02 -9.995525e-01 2.629276e-02 -1.045308e+00 2.562197e-01 2.907015e-02 9.661813e-01 9.349911e+01
-9.752882e-01 -7.475149e-03 2.208104e-01 5.837016e+01 1.387766e-02 -9.995266e-01 2.745844e-02 -1.039554e+00 2.205006e-01 2.984422e-02 9.749301e-01 9.397543e+01
-9.810027e-01 -7.757205e-03 1.938386e-01 5.846623e+01 1.352674e-02 -9.995034e-01 2.845882e-02 -1.033239e+00 1.935215e-01 3.054019e-02 9.806206e-01 9.445473e+01
-9.762079e-01 -1.380984e-02 2.163966e-01 5.856622e+01 1.984000e-02 -9.994723e-01 2.571858e-02 -1.017451e+00 2.159272e-01 2.939999e-02 9.759668e-01 9.495219e+01
-9.794719e-01 -1.453564e-02 2.010557e-01 5.866144e+01 2.028236e-02 -9.994417e-01 2.655223e-02 -1.010984e+00 2.005575e-01 3.008505e-02 9.792199e-01 9.544511e+01
-9.813791e-01 -1.555965e-02 1.914496e-01 5.874911e+01 2.115038e-02 -9.994065e-01 2.719319e-02 -1.003812e+00 1.909128e-01 3.073606e-02 9.811257e-01 9.594266e+01
-9.760934e-01 -2.566814e-02 2.158304e-01 5.887211e+01 3.135654e-02 -9.992442e-01 2.297253e-02 -9.803241e-01 2.150776e-01 2.919102e-02 9.761606e-01 9.649541e+01
-9.768488e-01 -2.699415e-02 2.122209e-01 5.897293e+01 3.265263e-02 -9.991974e-01 2.320318e-02 -9.743261e-01 2.114242e-01 2.959557e-02 9.769462e-01 9.701665e+01
-9.768909e-01 -2.819755e-02 2.118702e-01 5.907991e+01 3.386075e-02 -9.991585e-01 2.314833e-02 -9.683770e-01 2.110392e-01 2.978748e-02 9.770236e-01 9.753409e+01
-9.769391e-01 -2.933600e-02 2.114932e-01 5.918680e+01 3.494681e-02 -9.991282e-01 2.283989e-02 -9.622819e-01 2.106388e-01 2.970419e-02 9.771125e-01 9.805254e+01
-9.732267e-01 -3.228091e-02 2.275693e-01 5.936949e+01 3.467201e-02 -9.993775e-01 6.516275e-03 -9.640133e-01 2.272173e-01 1.423210e-02 9.737401e-01 9.868272e+01
-9.724718e-01 -3.360617e-02 2.305842e-01 5.950714e+01 3.594073e-02 -9.993363e-01 5.930505e-03 -9.660742e-01 2.302319e-01 1.405461e-02 9.730343e-01 9.924520e+01
-9.712937e-01 -3.497653e-02 2.352977e-01 5.964616e+01 3.731613e-02 -9.992884e-01 5.496392e-03 -9.677740e-01 2.349380e-01 1.411901e-02 9.719078e-01 9.982304e+01
-9.703032e-01 -3.613210e-02 2.391778e-01 5.979356e+01 3.853525e-02 -9.992428e-01 5.377333e-03 -9.698645e-01 2.388024e-01 1.443442e-02 9.709609e-01 1.004164e+02
-9.682696e-01 -3.745775e-02 2.470847e-01 5.995047e+01 4.150473e-02 -9.990757e-01 1.118908e-02 -9.477846e-01 2.464372e-01 2.108923e-02 9.689292e-01 1.010878e+02
-9.677182e-01 -3.811408e-02 2.491359e-01 6.010382e+01 4.235861e-02 -9.990340e-01 1.169615e-02 -9.460136e-01 2.484495e-01 2.187163e-02 9.683979e-01 1.016983e+02
-9.671773e-01 -3.853394e-02 2.511638e-01 6.025779e+01 4.298552e-02 -9.990005e-01 1.225973e-02 -9.438434e-01 2.504403e-01 2.265374e-02 9.678670e-01 1.023127e+02
-9.668117e-01 -3.878383e-02 2.525290e-01 6.042518e+01 4.338945e-02 -9.989776e-01 1.269260e-02 -9.413040e-01 2.517786e-01 2.322845e-02 9.675061e-01 1.029536e+02
-9.667921e-01 -2.263771e-02 2.545595e-01 6.060990e+01 2.852832e-02 -9.994034e-01 1.947188e-02 -9.069692e-01 2.539669e-01 2.608742e-02 9.668610e-01 1.036256e+02
-9.669765e-01 -2.294237e-02 2.538306e-01 6.075130e+01 2.879113e-02 -9.993981e-01 1.935064e-02 -8.984706e-01 2.532339e-01 2.601968e-02 9.670551e-01 1.042880e+02
-9.674881e-01 -2.340092e-02 2.518316e-01 6.092155e+01 2.914543e-02 -9.993926e-01 1.910463e-02 -8.905036e-01 2.512315e-01 2.582324e-02 9.675825e-01 1.049418e+02
-9.683154e-01 -2.379234e-02 2.485945e-01 6.108598e+01 2.946460e-02 -9.993829e-01 1.912101e-02 -8.818523e-01 2.479861e-01 2.583990e-02 9.684189e-01 1.056102e+02
-9.690090e-01 -2.626224e-02 2.456252e-01 6.129961e+01 2.897190e-02 -9.995527e-01 7.424067e-03 -8.911220e-01 2.453204e-01 1.431022e-02 9.693365e-01 1.063419e+02
-9.698656e-01 -2.639534e-02 2.422065e-01 6.147743e+01 2.922896e-02 -9.995398e-01 8.112790e-03 -8.909703e-01 2.418809e-01 1.494776e-02 9.701908e-01 1.070337e+02
-9.704765e-01 -2.669901e-02 2.397134e-01 6.165818e+01 2.966103e-02 -9.995217e-01 8.756693e-03 -8.906780e-01 2.393649e-01 1.560831e-02 9.708042e-01 1.077400e+02
-9.710432e-01 -2.728013e-02 2.373412e-01 6.182790e+01 3.032092e-02 -9.994982e-01 9.170256e-03 -8.893678e-01 2.369719e-01 1.610111e-02 9.713830e-01 1.084534e+02
-9.709932e-01 -2.817519e-02 2.374415e-01 6.200307e+01 3.271869e-02 -9.993488e-01 1.521547e-02 -8.623666e-01 2.368582e-01 2.254289e-02 9.712827e-01 1.092643e+02
-9.719921e-01 -2.874663e-02 2.332483e-01 6.217195e+01 3.322100e-02 -9.993313e-01 1.527618e-02 -8.550377e-01 2.326532e-01 2.259707e-02 9.722972e-01 1.100149e+02
-9.730334e-01 -2.906996e-02 2.288250e-01 6.234885e+01 3.349504e-02 -9.993190e-01 1.547745e-02 -8.479779e-01 2.282192e-01 2.272458e-02 9.733445e-01 1.107714e+02
-9.742604e-01 -2.924876e-02 2.235198e-01 6.253386e+01 3.363269e-02 -9.993088e-01 1.583060e-02 -8.406783e-01 2.229023e-01 2.294070e-02 9.745708e-01 1.115489e+02
-9.748882e-01 -2.501584e-02 2.212855e-01 6.271607e+01 2.819262e-02 -9.995397e-01 1.120871e-02 -8.419033e-01 2.209032e-01 1.716586e-02 9.751446e-01 1.123577e+02
-9.752542e-01 -2.512254e-02 2.196547e-01 6.290055e+01 2.836612e-02 -9.995300e-01 1.162480e-02 -8.379610e-01 2.192594e-01 1.756789e-02 9.755084e-01 1.131271e+02
